

data = {
    "Gaussian": {
        "d": [5, 10, 25, 50, 75, 100, 150],
        "multi_kernel": [
            (0.394, 0.276, 0.126),
            (0.587, 0.472, 0.255),
            (0.885, 0.811, 0.604),
            (0.987, 0.976, 0.893),
            (0.999, 0.998, 0.988),
            (1.0, 0.999, 0.999),
            (1.0, 1.0, 1.0)
        ],
        "single_kernel": [
            (0.4, 0.289, 0.14),
            (0.603, 0.489, 0.27),
            (0.872, 0.807, 0.59),
            (0.989, 0.982, 0.927),
            (0.997, 0.995, 0.981),
            (1.0, 1.0, 0.999),
            (1.0, 1.0, 1.0)
        ],
        "MMD_permutation": [
            (0.276, 0.185, 0.057),
            (0.356, 0.244, 0.098),
            (0.584, 0.46, 0.22),
            (0.768, 0.663, 0.393),
            (0.9, 0.82, 0.573),
            (0.951, 0.899, 0.732),
            (0.992, 0.976, 0.909)
        ],
        "MMMD_GEXP":[
            (0.256, 0.256, 0.256),
            (0.316, 0.316, 0.316),
            (0.518, 0.518, 0.518),
            (0.818, 0.818, 0.818),
            (0.936, 0.936, 0.936),
            (0.976, 0.976, 0.976),
            (1.0, 1.0, 1.0)
        ],
        "MMMD_LAP":[
            (0.206, 0.206, 0.206),
            (0.286, 0.286, 0.286),
            (0.492, 0.492, 0.492),
            (0.776, 0.776, 0.776),
            (0.938, 0.938, 0.938),
            (0.982, 0.982, 0.982),
            (0.998, 0.998, 0.998)
        ],
        "MMMD_MIX":[
            (0.248, 0.248, 0.248),
            (0.316, 0.316, 0.316),
            (0.564, 0.564, 0.564),
            (0.818, 0.818, 0.818),
            (0.936, 0.936, 0.936),
            (0.982, 0.982, 0.982),
            (1.0, 1.0, 1.0)
        ],
        "MMD_mb":[
            (0.162, 0.162, 0.162),
            (0.226, 0.226, 0.226),
            (0.326, 0.326, 0.326),
            (0.512, 0.512, 0.512),
            (0.598, 0.598, 0.598),
            (0.674, 0.674, 0.674),
            (0.794, 0.794, 0.794)
        ]
    },
    "t-distribution": {
        "d": [5, 10, 25, 50, 75, 100, 150],
        "multi_kernel": [
            (0.5, 0.395, 0.205),
            (0.636, 0.518, 0.313),
            (0.777, 0.668, 0.432),
            (0.834, 0.763, 0.541),
            (0.86, 0.772, 0.558),
            (0.883, 0.802, 0.592),
            (0.873, 0.799, 0.605)
        ],
        "single_kernel": [
            (0.475, 0.361, 0.186),
            (0.617, 0.516, 0.303),
            (0.728, 0.641, 0.424),
            (0.8, 0.702, 0.486),
            (0.835, 0.757, 0.557),
            (0.833, 0.752, 0.558),
            (0.857, 0.782, 0.593)
        ],
        "MMD_permutation": [
            (0.242, 0.129, 0.039),
            (0.316, 0.205, 0.061),
            (0.454, 0.33, 0.149),
            (0.58, 0.451, 0.233),
            (0.638, 0.521, 0.326),
            (0.643, 0.537, 0.326),
            (0.715, 0.631, 0.422)
        ],
        "MMMD_GEXP":[
            (0.196, 0.196, 0.196),
            (0.32, 0.32, 0.32),
            (0.506, 0.506, 0.506),
            (0.638, 0.638, 0.638),
            (0.692, 0.692, 0.692),
            (0.722, 0.722, 0.722),
            (0.74, 0.74, 0.74)
        ],
        "MMMD_LAP":[
            (0.156, 0.156, 0.156),
            (0.216, 0.216, 0.216),
            (0.414, 0.414, 0.414),
            (0.548, 0.548, 0.548),
            (0.558, 0.558, 0.558),
            (0.648, 0.648, 0.648),
            (0.688, 0.688, 0.688)
        ],
        "MMMD_MIX":[
            (0.202, 0.202, 0.202),
            (0.318, 0.318, 0.318),
            (0.536, 0.536, 0.536),
            (0.574, 0.574, 0.574),
            (0.678, 0.678, 0.678),
            (0.696, 0.696, 0.696),
            (0.738, 0.738, 0.738)
        ],
        "MMD_mb":[
            (0.142, 0.142, 0.142),
            (0.2, 0.2, 0.2),
            (0.264, 0.264, 0.264),
            (0.318, 0.318, 0.318),
            (0.348, 0.348, 0.348),
            (0.384, 0.384, 0.384),
            (0.414, 0.414, 0.414)
        ]
    },
    "mixture": {
        "d": [5, 10, 25, 50, 75, 100, 150],
        "multi_kernel": [
            (0.53, 0.417, 0.204),
            (0.749, 0.635, 0.398),
            (0.873, 0.803, 0.619),
            (0.955, 0.914, 0.77),
            (0.972, 0.939, 0.826),
            (0.978, 0.946, 0.837),
            (0.972, 0.956, 0.871)
        ],
        "single_kernel": [
            (0.542, 0.442, 0.243),
            (0.717, 0.614, 0.369),
            (0.883, 0.804, 0.625),
            (0.94, 0.893, 0.729),
            (0.952, 0.911, 0.783),
            (0.964, 0.92, 0.797),
            (0.971, 0.944, 0.859)
        ],
        "MMD_permutation": [
            (0.249, 0.136, 0.035),
            (0.311, 0.195, 0.058),
            (0.466, 0.329, 0.153),
            (0.601, 0.477, 0.251),
            (0.677, 0.568, 0.367),
            (0.756, 0.655, 0.431),
            (0.808, 0.735, 0.562)
        ],
        "MMMD_GEXP":[
            (0.27, 0.27, 0.27),
            (0.362, 0.362, 0.362),
            (0.578, 0.578, 0.578),
            (0.778, 0.778, 0.778),
            (0.904, 0.904, 0.904),
            (0.926, 0.926, 0.926),
            (0.966, 0.966, 0.966)
        ],
        "MMMD_LAP":[
            (0.206, 0.206, 0.206),
            (0.286, 0.286, 0.286),
            (0.554, 0.554, 0.554),
            (0.702, 0.702, 0.702),
            (0.768, 0.768, 0.768),
            (0.838, 0.838, 0.838),
            (0.856, 0.856, 0.856)
        ],
        "MMMD_MIX":[
            (0.236, 0.236, 0.236),
            (0.342, 0.342, 0.342),
            (0.564, 0.564, 0.564),
            (0.8, 0.8, 0.8),
            (0.884, 0.884, 0.884),
            (0.94, 0.94, 0.94),
            (0.958, 0.958, 0.958)
        ],
        "MMD_mb":[
            (0.154 0.154 0.154),
            ( 0.186 0.186 0.186),
            ( 0.25  0.25  0.25 ),
            ( 0.334 0.334 0.334),
            ( 0.336 0.336 0.336),
            ( 0.402 0.402 0.402),
            ( 0.482 0.482 0.482)
        ]
    }
}